977(2.479207e-11)
848(2.477912e-11)
231(2.474090e-11)
590(2.472801e-11)
921(2.474075e-11)
41(2.490776e-11)
404(2.486789e-11)
367(2.482885e-11)
346(2.481322e-11)
67(2.485220e-11)
375(2.491726e-11)
390(2.499514e-11)
242(2.509984e-11)
190(2.506982e-11)
159(2.501701e-11)
689(2.505642e-11)
128(2.516997e-11)
909(2.506420e-11)
165(2.509068e-11)
133(2.528198e-11)
513(2.540425e-11)
373(2.514827e-11)
482(2.512163e-11)
780(2.524141e-11)
535(2.529434e-11)
640(2.542933e-11)
546(2.534718e-11)
378(2.552138e-11)
658(2.551206e-11)
146(2.553573e-11)
537(2.556567e-11)
22(2.546937e-11)
130(2.564421e-11)
327(2.556108e-11)
769(2.573268e-11)
764(2.548269e-11)
292(2.545529e-11)
862(2.563387e-11)
65(2.563088e-11)
807(2.559023e-11)
665(2.557640e-11)
765(2.553519e-11)
833(2.554898e-11)
599(2.554322e-11)
934(2.535261e-11)
989(2.539338e-11)
542(2.539317e-11)
574(2.547405e-11)
518(2.539156e-11)
627(2.548732e-11)
819(2.545953e-11)
974(2.554202e-11)
3(2.552897e-11)
476(2.546040e-11)
768(2.540568e-11)
100(2.548738e-11)
141(2.548736e-11)
868(2.544629e-11)
745(2.552854e-11)
937(2.563579e-11)
443(2.572059e-11)
37(2.567866e-11)
434(2.579063e-11)
522(2.588972e-11)
648(2.584388e-11)
143(2.587222e-11)
670(2.591416e-11)
663(2.566144e-11)
356(2.571747e-11)
979(2.574549e-11)
257(2.577371e-11)
753(2.595639e-11)
596(2.604070e-11)
311(2.603415e-11)
747(2.617404e-11)
163(2.614347e-11)
723(2.599868e-11)
201(2.607085e-11)
834(2.615647e-11)
32(2.598506e-11)
519(2.577324e-11)
340(2.571669e-11)
573(2.584432e-11)
203(2.590070e-11)
954(2.618460e-11)
248(2.605322e-11)
781(2.621331e-11)
61(2.638508e-11)
678(2.643739e-11)
582(2.651977e-11)
972(2.658315e-11)
897(2.666175e-11)
985(2.672293e-11)
273(2.656356e-11)
43(2.650283e-11)
714(2.645725e-11)
145(2.666998e-11)
117(2.657780e-11)
625(2.647158e-11)
363(2.651721e-11)
959(2.662367e-11)
113(2.641791e-11)
82(2.653980e-11)
319(2.635836e-11)
348(2.641886e-11)
91(2.646425e-11)
699(2.681450e-11)
182(2.676545e-11)
988(2.697433e-11)
389(2.700519e-11)
473(2.702034e-11)
721(2.672916e-11)
642(2.660602e-11)
674(2.668360e-11)
760(2.673096e-11)
164(2.650010e-11)
795(2.648475e-11)
771(2.653052e-11)
433(2.682039e-11)
918(2.707039e-11)
108(2.693008e-11)
98(2.699369e-11)
606(2.699355e-11)
266(2.698675e-11)
790(2.675047e-11)
483(2.673475e-11)
331(2.673460e-11)
697(2.690682e-11)
873(2.678118e-11)
491(2.674975e-11)
794(2.701749e-11)
436(2.713547e-11)
871(2.725854e-11)
120(2.720482e-11)
609(2.725909e-11)
401(2.729073e-11)
755(2.727422e-11)
40(2.733223e-11)
383(2.683331e-11)
696(2.686543e-11)
380(2.699387e-11)
391(2.712368e-11)
861(2.710601e-11)
195(2.699272e-11)
10(2.702525e-11)
72(2.707373e-11)
125(2.728618e-11)
543(2.715400e-11)
127(2.720038e-11)
947(2.718391e-11)
682(2.717473e-11)
73(2.727421e-11)
754(2.714300e-11)
936(2.704479e-11)
734(2.707752e-11)
825(2.743965e-11)
480(2.740079e-11)
676(2.716738e-11)
451(2.718396e-11)
930(2.712298e-11)
655(2.718925e-11)
187(2.727182e-11)
841(2.754761e-11)
643(2.753657e-11)
924(2.727920e-11)
568(2.726228e-11)
420(2.744909e-11)
704(2.746654e-11)
964(2.724634e-11)
949(2.719586e-11)
816(2.731354e-11)
620(2.770886e-11)
506(2.745746e-11)
870(2.752653e-11)
741(2.764685e-11)
832(2.769371e-11)
149(2.757618e-11)
96(2.743729e-11)
709(2.755885e-11)
17(2.764910e-11)
821(2.758551e-11)
575(2.751552e-11)
467(2.765538e-11)
797(2.741619e-11)
843(2.736423e-11)
524(2.753763e-11)
967(2.736486e-11)
410(2.738219e-11)
5(2.736472e-11)
872(2.746838e-11)
530(2.779360e-11)
33(2.754103e-11)
440(2.750582e-11)
649(2.761134e-11)
226(2.754088e-11)
495(2.752325e-11)
820(2.778808e-11)
540(2.775406e-11)
488(2.782910e-11)
756(2.761621e-11)
2(2.766996e-11)
994(2.770591e-11)
635(2.777821e-11)
987(2.765218e-11)
724(2.765218e-11)
585(2.727533e-11)
224(2.729287e-11)
499(2.748672e-11)
423(2.739792e-11)
169(2.738024e-11)
316(2.757338e-11)
651(2.778809e-11)
11(2.721614e-11)
360(2.721614e-11)
254(2.737461e-11)
955(2.746248e-11)
415(2.758637e-11)
628(2.776590e-11)
738(2.758608e-11)
908(2.733669e-11)
27(2.733669e-11)
859(2.760292e-11)
890(2.771138e-11)
286(2.757411e-11)
652(2.764678e-11)
456(2.764673e-11)
103(2.779241e-11)
56(2.750262e-11)
971(2.752063e-11)
919(2.766472e-11)
789(2.724822e-11)
116(2.724822e-11)
813(2.709059e-11)
493(2.710810e-11)
233(2.714292e-11)
761(2.737224e-11)
927(2.745965e-11)
956(2.744135e-11)
332(2.758298e-11)
234(2.757900e-11)
763(2.768827e-11)
895(2.797912e-11)
351(2.744775e-11)
397(2.759333e-11)
462(2.773968e-11)
603(2.777562e-11)
354(2.781179e-11)
940(2.768161e-11)
398(2.775558e-11)
157(2.790340e-11)
94(2.777182e-11)
691(2.771580e-11)
413(2.791968e-11)
21(2.784130e-11)
901(2.770846e-11)
881(2.776509e-11)
86(2.776473e-11)
48(2.759590e-11)
193(2.742892e-11)
388(2.737348e-11)
802(2.783240e-11)
946(2.777502e-11)
424(2.780662e-11)
615(2.772980e-11)
538(2.781962e-11)
99(2.768460e-11)
191(2.772192e-11)
479(2.751312e-11)
119(2.751329e-11)
736(2.751329e-11)
712(2.789537e-11)
199(2.730818e-11)
371(2.736471e-11)
298(2.721509e-11)
13(2.727110e-11)
550(2.730799e-11)
969(2.723310e-11)
504(2.751372e-11)
828(2.736235e-11)
902(2.736235e-11)
775(2.741859e-11)
536(2.741859e-11)
153(2.764212e-11)
453(2.747385e-11)
271(2.743570e-11)
733(2.717567e-11)
787(2.713833e-11)
350(2.736330e-11)
683(2.732542e-11)
509(2.724974e-11)
151(2.728734e-11)
265(2.764333e-11)
855(2.779914e-11)
581(2.784116e-11)
52(2.769806e-11)
516(2.754243e-11)
83(2.754243e-11)
355(2.765311e-11)
718(2.751687e-11)
38(2.751687e-11)
963(2.770730e-11)
345(2.763193e-11)
850(2.759263e-11)
505(2.753359e-11)
305(2.770351e-11)
552(2.772244e-11)
558(2.719494e-11)
818(2.711820e-11)
681(2.702219e-11)
189(2.736881e-11)
272(2.744596e-11)
76(2.771841e-11)
246(2.770285e-11)
782(2.774845e-11)
512(2.755942e-11)
18(2.718135e-11)
725(2.732004e-11)
610(2.733940e-11)
557(2.764027e-11)
864(2.770082e-11)
630(2.761477e-11)
805(2.737223e-11)
465(2.741250e-11)
238(2.749300e-11)
548(2.747274e-11)
220(2.734422e-11)
25(2.724409e-11)
842(2.732407e-11)
228(2.730346e-11)
121(2.738379e-11)
34(2.763226e-11)
475(2.752245e-11)
255(2.748254e-11)
23(2.740726e-11)
79(2.748521e-11)
140(2.751712e-11)
186(2.723928e-11)
632(2.732181e-11)
19(2.699432e-11)
822(2.687355e-11)
650(2.697375e-11)
555(2.717609e-11)
800(2.709437e-11)
586(2.725598e-11)
463(2.727400e-11)
275(2.723261e-11)
107(2.735712e-11)
115(2.724142e-11)
539(2.689501e-11)
693(2.695596e-11)
230(2.691531e-11)
204(2.707763e-11)
730(2.735422e-11)
973(2.733665e-11)
865(2.736545e-11)
53(2.728976e-11)
744(2.723709e-11)
879(2.725513e-11)
364(2.655073e-11)
208(2.659211e-11)
981(2.682121e-11)
565(2.694677e-11)
342(2.713913e-11)
534(2.683761e-11)
258(2.683761e-11)
44(2.691033e-11)
644(2.688245e-11)
664(2.700222e-11)
708(2.695325e-11)
978(2.656483e-11)
106(2.669589e-11)
379(2.632893e-11)
261(2.630737e-11)
751(2.663393e-11)
507(2.681715e-11)
92(2.584700e-11)
461(2.586818e-11)
544(2.582581e-11)
523(2.593176e-11)
570(2.588871e-11)
531(2.595255e-11)
36(2.618688e-11)
129(2.635816e-11)
852(2.653213e-11)
147(2.571966e-11)
992(2.576190e-11)
170(2.582516e-11)
853(2.593159e-11)
490(2.601698e-11)
471(2.588709e-11)
975(2.599448e-11)
694(2.595029e-11)
777(2.599331e-11)
484(2.597067e-11)
303(2.603535e-11)
361(2.620803e-11)
732(2.640433e-11)
667(2.655392e-11)
701(2.652955e-11)
93(2.633713e-11)
541(2.616023e-11)
102(2.596375e-11)
686(2.587701e-11)
320(2.633592e-11)
184(2.640350e-11)
290(2.636873e-11)
593(2.604801e-11)
219(2.613810e-11)
595(2.626106e-11)
256(2.630723e-11)
798(2.538600e-11)
851(2.542959e-11)
369(2.556051e-11)
695(2.523772e-11)
294(2.519480e-11)
503(2.543204e-11)
132(2.554108e-11)
576(2.556249e-11)
381(2.571566e-11)
613(2.573803e-11)
109(2.589257e-11)
268(2.593430e-11)
920(2.600020e-11)
259(2.602218e-11)
250(2.597919e-11)
430(2.614056e-11)
899(2.602805e-11)
759(2.601859e-11)
366(2.559785e-11)
156(2.550741e-11)
7(2.526234e-11)
845(2.530664e-11)
192(2.564321e-11)
330(2.561863e-11)
217(2.557323e-11)
528(2.570983e-11)
188(2.552881e-11)
926(2.534943e-11)
71(2.532715e-11)
114(2.557329e-11)
59(2.586890e-11)
68(2.584828e-11)
16(2.582351e-11)
584(2.552553e-11)
840(2.532147e-11)
411(2.514204e-11)
339(2.509752e-11)
310(2.550132e-11)
957(2.571141e-11)
227(2.574710e-11)
726(2.534898e-11)
223(2.530275e-11)
713(2.537205e-11)
624(2.551143e-11)
148(2.576386e-11)
860(2.537552e-11)
773(2.532870e-11)
561(2.539870e-11)
244(2.545191e-11)
677(2.531480e-11)
326(2.509355e-11)
999(2.523690e-11)
176(2.524310e-11)
194(2.508266e-11)
814(2.491345e-11)
783(2.486705e-11)
243(2.484310e-11)
757(2.437229e-11)
260(2.414386e-11)
235(2.423497e-11)
675(2.437243e-11)
155(2.451056e-11)
239(2.448665e-11)
877(2.467217e-11)
211(2.495759e-11)
210(2.490858e-11)
621(2.479477e-11)
343(2.499054e-11)
846(2.505245e-11)
767(2.478242e-11)
498(2.472224e-11)
384(2.462373e-11)
874(2.453985e-11)
12(2.434739e-11)
26(2.444413e-11)
680(2.437146e-11)
911(2.427594e-11)
301(2.427594e-11)
882(2.432375e-11)
333(2.449224e-11)
212(2.429059e-11)
455(2.433920e-11)
472(2.453495e-11)
660(2.455958e-11)
857(2.472059e-11)
922(2.448151e-11)
830(2.433095e-11)
998(2.428163e-11)
996(2.436609e-11)
335(2.434126e-11)
111(2.426694e-11)
903(2.432202e-11)
801(2.429686e-11)
213(2.440823e-11)
770(2.431858e-11)
35(2.414910e-11)
953(2.373542e-11)
626(2.378482e-11)
279(2.385926e-11)
856(2.392597e-11)
788(2.407934e-11)
394(2.401450e-11)
446(2.394726e-11)
297(2.358891e-11)
126(2.331558e-11)
514(2.338956e-11)
545(2.358791e-11)
77(2.361896e-11)
679(2.361896e-11)
629(2.368944e-11)
409(2.364980e-11)
735(2.372753e-11)
703(2.356838e-11)
101(2.361656e-11)
171(2.347948e-11)
980(2.343786e-11)
533(2.329375e-11)
58(2.306700e-11)
422(2.256407e-11)
299(2.278844e-11)
614(2.288910e-11)
688(2.278776e-11)
577(2.302215e-11)
85(2.291944e-11)
414(2.289385e-11)
669(2.315537e-11)
666(2.310255e-11)
809(2.285382e-11)
288(2.270074e-11)
728(2.229981e-11)
318(2.244873e-11)
804(2.259826e-11)
304(2.254769e-11)
618(2.272552e-11)
641(2.277622e-11)
374(2.311371e-11)
983(2.289014e-11)
962(2.253485e-11)
835(2.258617e-11)
496(2.292500e-11)
876(2.271003e-11)
912(2.271003e-11)
280(2.277124e-11)
417(2.237048e-11)
588(2.258151e-11)
328(2.242345e-11)
944(2.239720e-11)
458(2.224112e-11)
324(2.177850e-11)
407(2.146336e-11)
372(2.131865e-11)
811(2.139087e-11)
598(2.146348e-11)
986(2.146417e-11)
29(2.101320e-11)
916(2.122517e-11)
515(2.115373e-11)
289(2.150580e-11)
291(2.153024e-11)
646(2.143339e-11)
917(2.143339e-11)
431(2.167841e-11)
293(2.212128e-11)
229(2.218743e-11)
435(2.234482e-11)
563(2.252937e-11)
566(2.261610e-11)
205(2.257565e-11)
991(2.244338e-11)
492(2.182794e-11)
836(2.159646e-11)
247(2.149493e-11)
793(2.164798e-11)
55(2.177686e-11)
497(2.147042e-11)
177(2.152102e-11)
623(2.175162e-11)
302(2.177567e-11)
591(2.177567e-11)
556(2.213129e-11)
283(2.195267e-11)
799(2.206136e-11)
961(2.150763e-11)
750(2.153347e-11)
982(2.176885e-11)
990(2.179413e-11)
662(2.191566e-11)
762(2.163072e-11)
716(2.147218e-11)
601(2.160435e-11)
63(2.142008e-11)
960(2.163077e-11)
154(2.165907e-11)
589(2.136820e-11)
202(2.079398e-11)
428(2.092296e-11)
370(2.069242e-11)
494(2.069242e-11)
70(2.115700e-11)
594(2.151008e-11)
39(2.129316e-11)
970(2.092079e-11)
240(2.102603e-11)
942(2.118605e-11)
815(2.081706e-11)
215(2.089515e-11)
702(2.128090e-11)
580(2.122073e-11)
554(2.114070e-11)
945(2.088480e-11)
236(2.068595e-11)
454(2.054778e-11)
705(2.051151e-11)
314(2.040616e-11)
791(2.030910e-11)
450(2.025930e-11)
78(2.012205e-11)
844(1.970598e-11)
84(1.987051e-11)
112(1.997787e-11)
569(1.983243e-11)
281(1.966504e-11)
359(1.984889e-11)
869(2.001916e-11)
915(1.973701e-11)
54(1.932868e-11)
847(1.905468e-11)
60(1.921853e-11)
179(1.947777e-11)
966(1.931089e-11)
336(1.895619e-11)
779(1.879640e-11)
772(1.903671e-11)
933(1.953442e-11)
262(1.939504e-11)
796(1.922640e-11)
968(1.919851e-11)
353(1.942294e-11)
317(1.941983e-11)
824(1.940829e-11)
429(1.909454e-11)
118(1.906590e-11)
829(1.808653e-11)
619(1.816413e-11)
478(1.803588e-11)
284(1.798475e-11)
399(1.803561e-11)
4(1.848041e-11)
198(1.856009e-11)
437(1.877705e-11)
943(1.869266e-11)
826(1.831440e-11)
175(1.842071e-11)
448(1.852761e-11)
880(1.855469e-11)
315(1.855382e-11)
200(1.863666e-11)
457(1.850081e-11)
727(1.852832e-11)
766(1.850091e-11)
684(1.847437e-11)
739(1.797336e-11)
900(1.802508e-11)
722(1.823419e-11)
508(1.844837e-11)
439(1.877150e-11)
349(1.854978e-11)
95(1.857733e-11)
939(1.860487e-11)
711(1.896674e-11)
57(1.839916e-11)
1000(1.848270e-11)
993(1.791693e-11)
323(1.789071e-11)
935(1.837416e-11)
160(1.829090e-11)
122(1.858319e-11)
264(1.837555e-11)
997(1.846199e-11)
731(1.831707e-11)
952(1.834663e-11)
45(1.820061e-11)
131(1.836531e-11)
307(1.822573e-11)
501(1.786819e-11)
251(1.756622e-11)
181(1.771083e-11)
64(1.778083e-11)
520(1.703478e-11)
66(1.717319e-11)
263(1.737025e-11)
984(1.725680e-11)
341(1.768852e-11)
42(1.769892e-11)
221(1.763383e-11)
432(1.672335e-11)
878(1.650673e-11)
334(1.666834e-11)
607(1.680581e-11)
408(1.697183e-11)
481(1.714165e-11)
376(1.710932e-11)
144(1.705095e-11)
47(1.721348e-11)
720(1.727354e-11)
392(1.688065e-11)
700(1.692160e-11)
80(1.674334e-11)
692(1.655743e-11)
958(1.657352e-11)
866(1.656036e-11)
382(1.641559e-11)
687(1.638577e-11)
778(1.652896e-11)
445(1.633865e-11)
995(1.602648e-11)
719(1.570086e-11)
907(1.549761e-11)
167(1.549767e-11)
517(1.549767e-11)
406(1.577068e-11)
706(1.526170e-11)
892(1.543972e-11)
636(1.547742e-11)
616(1.481470e-11)
158(1.456066e-11)
1(1.464446e-11)
685(1.475758e-11)
15(1.501802e-11)
502(1.507646e-11)
385(1.495758e-11)
884(1.498694e-11)
358(1.489918e-11)
426(1.541439e-11)
180(1.512880e-11)
49(1.509760e-11)
267(1.498833e-11)
631(1.442729e-11)
237(1.466914e-11)
521(1.473070e-11)
124(1.451689e-11)
951(1.423985e-11)
51(1.429910e-11)
419(1.441872e-11)
274(1.424434e-11)
285(1.430392e-11)
526(1.409814e-11)
717(1.401156e-11)
232(1.438387e-11)
249(1.437786e-11)
75(1.438329e-11)
948(1.392559e-11)
898(1.414307e-11)
645(1.357079e-11)
69(1.324761e-11)
668(1.333428e-11)
416(1.336321e-11)
823(1.375235e-11)
245(1.379251e-11)
608(1.321406e-11)
887(1.297169e-11)
485(1.318974e-11)
396(1.303713e-11)
308(1.273965e-11)
774(1.273965e-11)
653(1.292256e-11)
837(1.303586e-11)
162(1.252233e-11)
460(1.240680e-11)
525(1.156485e-11)
225(1.169348e-11)
325(1.198599e-11)
605(1.215110e-11)
206(1.289148e-11)
449(1.287948e-11)
746(1.253458e-11)
150(1.232546e-11)
135(1.223721e-11)
172(1.226635e-11)
329(1.217894e-11)
654(1.241472e-11)
587(1.241431e-11)
161(1.205124e-11)
611(1.182292e-11)
810(1.188029e-11)
758(1.176824e-11)
452(1.174082e-11)
464(1.157800e-11)
352(1.157800e-11)
838(1.199158e-11)
134(1.179372e-11)
634(1.179372e-11)
742(1.187782e-11)
883(1.219577e-11)
976(1.237328e-11)
74(1.259127e-11)
905(1.259874e-11)
617(1.259874e-11)
46(1.204416e-11)
612(1.192551e-11)
253(1.216474e-11)
277(1.214528e-11)
549(1.224016e-11)
579(1.185397e-11)
393(1.182280e-11)
31(1.185621e-11)
197(1.179370e-11)
20(1.186990e-11)
690(1.126048e-11)
287(1.141343e-11)
207(1.163705e-11)
904(1.153076e-11)
597(1.121893e-11)
622(1.079419e-11)
889(1.033147e-11)
786(1.033147e-11)
138(1.064648e-11)
90(1.067558e-11)
928(1.098618e-11)
817(1.086076e-11)
729(1.078703e-11)
812(1.062757e-11)
906(1.050072e-11)
139(1.060543e-11)
529(9.724636e-12)
252(9.840781e-12)
321(1.001974e-11)
910(1.008000e-11)
487(1.026841e-11)
752(9.692443e-12)
875(9.721537e-12)
278(9.750590e-12)
403(1.017805e-11)
914(9.778322e-12)
309(1.003652e-11)
785(9.631987e-12)
854(9.476532e-12)
673(9.492416e-12)
578(9.149585e-12)
216(8.776555e-12)
421(7.805894e-12)
863(7.752640e-12)
560(8.199508e-12)
698(8.288304e-12)
402(8.504649e-12)
468(8.287310e-12)
639(8.379010e-12)
885(8.631917e-12)
827(8.471625e-12)
638(8.036763e-12)
296(8.130578e-12)
527(7.655150e-12)
637(7.516513e-12)
806(7.571784e-12)
174(7.516450e-12)
347(7.462080e-12)
123(7.544074e-12)
776(7.770087e-12)
938(8.039866e-12)
657(8.300682e-12)
707(7.346708e-12)
710(7.346708e-12)
743(7.291668e-12)
571(7.375179e-12)
564(7.403376e-12)
300(7.319227e-12)
105(7.757544e-12)
547(7.273037e-12)
214(7.244869e-12)
362(7.535928e-12)
418(7.659561e-12)
489(7.306928e-12)
8(7.154774e-12)
559(7.066423e-12)
338(7.275750e-12)
661(7.307393e-12)
839(7.209032e-12)
925(6.433578e-12)
784(6.636462e-12)
447(6.851889e-12)
222(6.889145e-12)
425(6.623978e-12)
600(6.699506e-12)
891(6.363974e-12)
932(4.996958e-12)
896(5.038343e-12)
965(4.936454e-12)
110(4.916848e-12)
438(4.956773e-12)
831(5.017626e-12)
14(5.187722e-12)
209(4.998877e-12)
929(4.822037e-12)
405(4.674315e-12)
166(4.899176e-12)
656(4.937810e-12)
808(4.878586e-12)
659(5.079503e-12)
104(5.552791e-12)
486(5.865625e-12)
87(5.945942e-12)
941(6.090349e-12)
562(6.267446e-12)
357(5.759829e-12)
442(5.457564e-12)
931(5.386083e-12)
592(5.423341e-12)
387(4.572660e-12)
196(4.432229e-12)
377(4.405415e-12)
923(4.432448e-12)
295(4.551197e-12)
888(4.106311e-12)
647(3.936114e-12)
218(4.183940e-12)
551(4.032209e-12)
368(3.780888e-12)
459(3.780888e-12)
572(4.235375e-12)
510(3.276288e-12)
740(3.292898e-12)
50(3.343508e-12)
444(3.448903e-12)
152(3.811116e-12)
412(3.722129e-12)
276(4.094520e-12)
282(4.145471e-12)
306(4.393633e-12)
9(4.140200e-12)
886(4.194053e-12)
427(4.461814e-12)
633(4.013034e-12)
671(4.212441e-12)
469(3.524050e-12)
183(3.552314e-12)
178(3.639778e-12)
344(3.580848e-12)
715(3.238800e-12)
97(2.723626e-12)
672(2.646795e-12)
322(2.913486e-12)
500(3.054644e-12)
173(3.383848e-12)
583(3.407855e-12)
400(3.466083e-12)
241(2.775230e-12)
567(2.727741e-12)
137(2.659487e-12)
474(2.824554e-12)
749(3.067638e-12)
269(3.067064e-12)
950(3.139775e-12)
466(2.725449e-12)
312(2.697827e-12)
24(2.343824e-12)
748(2.227190e-12)
849(2.227190e-12)
913(2.386037e-12)
532(2.752996e-12)
553(2.602439e-12)
365(2.154446e-12)
28(2.002561e-12)
602(1.969536e-12)
803(1.530123e-12)
441(1.182120e-12)
88(1.099138e-12)
470(1.051921e-12)
337(9.330276e-13)
604(8.034783e-13)
168(4.884374e-13)
893(5.899498e-13)
511(9.930981e-14)
737(8.135488e-14)
313(6.877214e-14)
792(6.877214e-14)
395(7.855356e-14)
858(1.161357e-13)
81(1.429343e-13)
6(1.228374e-13)
477(2.027979e-13)
867(1.102266e-13)
89(1.013586e-13)
386(1.042700e-13)
142(1.012990e-13)
894(1.206751e-13)
30(1.131429e-13)
136(1.550172e-15)
185(1.615826e-15)
62(1.517199e-15)
270(2.010323e-15)
